0			00000000000000001111111111111111
1			00000000111111110000000011111111
2			00001111000011110000111100001111
3			00110011001100110011001100110011
4			01010101010101010101010101010101
5	^	3	01100110011001100110011001100110	
6	^	2	01101001011010010110100101101001	
7	^	3	01011010010110100101101001011010	
8	<	5	00100100001001000010010000100100	
9	^	1	00100100110110110010010011011011	
10	^	0	00100100110110111101101100100100	
11	^	9	00000000000000001111111111111111	0
12	^	6	01101001011010011001011010010110	
13	>	8	01001001010010011001001010010010	
14	<	10	00100100100100100100100100100100	
78.301229859
